0.020000 
[0.62827796] 0.02516350177084687
[0.78550124] 0.7815106163094375
[0.28993341] -0.9365377352273636
[0.33109047] -1.1524486052082623
[0.39599397] -1.2888353645783315
[0.39808763] -1.2886848460425
[0.39822115] -1.2886654412905971
[0.39826802] -1.2886583499836255
[0.39829185] -1.2886546888568235
[0.39830626] -1.2886524571787394
[0.39831591] -1.2886509557861583
[0.39832281] -1.288649877206903
[0.398328] -1.2886490651913345
[0.39833203] -1.288648431968918
[0.39833526] -1.2886479244568512
[0.3983379] -1.288647508673858
[0.39834011] -1.2886471618621327
[0.39834197] -1.288646868209667
[0.39834356] -1.288646616389817
[0.39834495] -1.2886463980770655
2.000000 
[0.48418559] -1.0436612258787137
[0.48416069] -1.0437935316337603
[0.3805303] -1.2809921981857006
[1.11935386] -0.8079930604422392
[0.85162146] 0.6865526875937609
[0.37266654] -1.270971960815733
[0.37812925] -1.2783622474703613
[0.37811425] -1.278344626841039
[0.37810682] -1.2783359012449464
[0.37810241] -1.2783307136922464
[0.3780995] -1.2783272838216961
[0.37809743] -1.2783248520924997
[0.37809589] -1.2783230405597095
[0.3780947] -1.278321640243027
[0.37809375] -1.278320526319956
[0.37809298] -1.2783196196978297
[0.37809234] -1.2783188678623258
[0.3780918] -1.2783182345970634
[0.37809134] -1.2783176941275682
[0.37809095] -1.2783172276181909
200.000000 
[0.69839027] 0.5067311528927672
[0.79827347] 0.7836669982963005
[0.81125401] 0.77556243179093
[-0.35213589] -0.5216729194420905
[3.298362] 7.842206727083003
[1.65715302] 1.8097055256624048
[2.44643744] 4.239141435655562
[-5.4073628] 35.34649819658252
[4.2647998] 12.968591729679618
[0.73691486] 0.6818467499529784
[-1.99457322] 4.953643222316494
[-4.4371993] 23.48620968391415
[-2.85173713] 10.253932667129362
[-1.10452975] 1.4427636119104508
[5.64875896] 26.56481953279836
[-7.01212945] 57.03182480046378
[-3.61888169] 15.88555515750597
[6.6005168] 36.092633614612595
[4.93606679] 19.161799885405525
[-6.19406595] 45.26695152055825
Results
0.020000 0.395994 -1.288835 
2.000000 0.380530 -1.280992 
200.000000 -0.352136 -0.521673 
