[0.26585939 0.18643872 0.44281835 0.63486056 0.56270063 0.37039116
 0.28080073 0.62593566 0.35246904 0.97303489 0.78158697 0.50830828
 0.94732199 0.5430656  0.85493552 0.60171041 0.3738605  0.7838534
 0.59087717 0.83827758] -0.7853
[0.12414143 0.08678535 0.28391283 0.5702301  0.48760081 0.29132459
 0.67867704 0.89304416 0.78956629 0.64879857 0.76595977 0.67937487
 0.3766334  1.07570886 0.23917067 0.66158186 1.19444021 1.2079659
 0.03917609 0.4477757 ] -0.7834
[ 0.03264555  0.55290747  0.16182232  0.94190726  0.55360206  0.85320688
  0.77282181  0.67973972  0.35676374  0.68586865  0.31005414 -0.02459152
  0.33209361  0.11408013  0.74446321  0.70929995  0.48887048  0.42596663
  0.48906305  0.55870867] -0.8027
Best parameters [0.62593566 0.89304416 0.67973972] -0.8178000000000001
[0.1239827  0.53817421 0.68457164] -0.7589
[0.76755317 0.20229923 0.25551742] -0.8
[0.0867356  0.89434265 0.58831505] -0.7171000000000001
[0.45560077 0.76907983 0.7336307 ] -0.8165
[0.46833492 0.50024392 0.41069612] -0.8107
[0.43359073 0.90633242 0.34709888] -0.8151
[0.8143135  0.68545136 0.42691953] -0.8139000000000001
[0.76383218 0.34772383 0.65376757] -0.8119000000000001
[0.41390741 1.19345577 0.65047834] -0.8174
[0.89757314 0.71387891 0.84112141] -0.8200000000000001
[0.45388589 0.39048366 0.94040086] -0.8167
[0.67254006 0.56474891 0.04160204] -0.8083
[0.39281367 0.12899693 0.61938543] -0.8023
[0.78475632 0.97388446 0.08493671] -0.8129000000000001
[0.40248133 0.35903108 0.7886739 ] -0.8153
[0.78517968 1.07125812 0.55906502] -0.8173
[1.0695435  0.49519159 0.10783832] -0.8081
[0.68837928 1.07124174 0.96671004] -0.8067
[1.15881715 0.90209228 0.2558937 ] -0.8142
[0.72135847 0.94977091 0.31681453] -0.8152
Best parameters [0.89757314 0.71387891 0.84112141] -0.8200000000000001
[0.09401604 0.02185303 0.45796883] -0.7424000000000001
[0.66789427 0.35037029 0.31561262] -0.8075
[0.46929905 0.99711131 0.21827167] -0.8146
[0.68207072 0.734432   0.42998144] -0.8139000000000001
[0.35283615 0.9321523  0.59490645] -0.8150000000000001
[0.32143429 0.5405322  0.42487325] -0.8102
[0.68513542 1.16369275 0.51679306] -0.8172
[0.57514617 0.41702415 0.70865053] -0.8152
[0.97610485 0.4132838  0.58947478] -0.8121
[0.7156154  0.83353369 0.83393096] -0.8182
[0.29317558 0.19926801 0.14937437] -0.7957000000000001
[0.45128743 0.59303761 0.02788035] -0.8085
[0.88228276 1.05613659 0.1463226 ] -0.8143
[0.87468294 0.6507648  0.02874754] -0.8087
[1.11986302 0.76981938 0.36897493] -0.8144
[1.11984577 0.75982301 0.78634328] -0.8186
[0.303346   0.66036421 0.91232113] -0.8045
[1.08084503 1.11528308 0.58164114] -0.8171
[0.84854725 0.84172967 0.5810372 ] -0.8160000000000001
[0.47512625 0.70208808 0.67974294] -0.8151
Best parameters [1.11984577 0.75982301 0.78634328] -0.8186
Validation error 0.081400, Test error 0.082400