pi [0.40238075]
ei [0.39788915]
lcb [0.39725655]
[ 0.11379533  0.59086531  0.05643605  0.48831811  0.9370209   0.56981432
  0.2109281   1.3621013   0.53576846  0.74464705  1.14871676  1.13369207
  1.14158743  1.02849745 -0.47335268  0.09066859  0.55173909  0.72055295
  1.17193216  0.96235019] -0.7583
[ 0.31843775  0.0624812   0.44279328  0.22420862  0.85630041  0.83465377
  0.98787988  0.64660712  0.4321264   0.53356782 -0.01167492  0.03553229
  0.01283905  0.63031191  0.83469257  0.73760153  1.52534396  1.07706914
  1.3022089   0.64209172] -0.7706000000000001
[ 0.04991252  0.004145    0.28835669  0.95355493  0.70597031  0.16577964
  0.84869389  0.1573789   0.52136399 -0.5167831   0.51768683  0.60228575
  0.32335004 -0.16427155  0.80434999 -0.45979722  0.4876283   1.37483583
  0.19086874  0.32703639] -0.7244
Best parameters [0.55173909 1.52534396 0.4876283 ] -0.8179000000000001
