[0.33937173 0.66597348 0.7985133  0.50042789 0.58825074 0.82435432
 0.43735298 0.5040968  0.72705109 0.87256899 0.70392554 0.77943013
 1.02682556 0.78433142 0.36844887 1.06612737 0.65429346 0.69159507
 0.84346016 0.33807176] -0.8131
[0.65405555 0.12090097 0.81184999 0.79701448 0.7159424  0.23781238
 0.98510191 0.28516909 0.40471686 0.88957884 0.98021604 0.68143552
 0.57945174 0.50917138 0.35504877 0.23136369 1.14493146 0.91983485
 0.5087134  1.14213401] -0.798
[0.72026579 0.5030762  0.82215474 0.47664496 0.69691214 0.78249375
 0.73779179 0.73017468 0.54205485 0.50583061 0.18598617 0.23488951
 0.70997975 0.95089463 0.4074352  0.47566301 0.53588708 0.3992274
 0.76575841 0.38666387] -0.8183
Best parameters [0.43735298 0.98510191 0.73779179] -0.8188
[0.65610513 0.12164423 0.03804762] -0.7867000000000001
[0.3882027  0.15347009 0.09348618] -0.7918000000000001
[0.07366436 0.05377696 0.07775882] -0.7357
[0.67609253 0.97202214 0.72624867] -0.8188
[0.55848797 0.94743828 0.38396033] -0.8158000000000001
[0.91163015 0.72748695 0.85199996] -0.8204
[0.77020201 0.75723144 0.55435182] -0.8155
[0.58783448 0.6741982  0.80896751] -0.8201
[0.71749393 0.78421645 0.73619169] -0.8175
[0.81619218 0.4126561  0.77574298] -0.8166
[0.43783472 0.64206326 0.48946349] -0.8136
[1.0304424  1.09043517 0.77773678] -0.8197
[0.86265169 1.11186775 0.49295521] -0.8167
[0.85978423 1.01221786 0.64932399] -0.8180000000000001
[0.54374815 0.53662625 0.14042297] -0.8086
[1.13128307 0.52542734 0.64960936] -0.8153
[0.44094414 0.32208069 0.70323284] -0.8115
[0.94204044 0.5734185  0.71109767] -0.8162
[0.61395167 0.85139713 0.51782255] -0.8156
[0.63790724 0.38682151 0.42866371] -0.8086
Best parameters [0.91163015 0.72748695 0.85199996] -0.8204
[0.60522838 0.44493161 0.91828636] -0.8193
[0.24943944 0.80221035 0.82983355] -0.7961
[0.60463121 0.62483688 0.74608875] -0.8171
[0.42302329 0.93883272 0.57564485] -0.8162
[0.52780644 0.90725821 0.88875186] -0.8144
[0.78250479 0.98314176 0.61408319] -0.8173
[0.49552348 0.85143848 0.73133065] -0.8176
[0.6675442  0.84963331 0.32345411] -0.8144
[0.92902992 0.6886633  0.49421194] -0.8145
[0.77907703 0.34298753 0.62049102] -0.8113
[0.73771463 0.80279418 0.50908622] -0.8156
[0.61095092 1.18749525 0.38055972] -0.8161
[0.90690492 0.54675334 0.82207967] -0.8187
[0.76693938 0.48732285 0.74543143] -0.8165
[0.94797922 0.16182157 0.88304279] -0.8133
[0.94326682 1.03294027 0.32291647] -0.8157
[0.32913337 1.03644217 0.20799041] -0.8113
[0.33689202 0.38459784 0.66743501] -0.8112
[0.50493664 0.40789032 0.3474204 ] -0.809
[1.14318272 0.34061412 0.66433413] -0.8119000000000001
Best parameters [0.60522838 0.44493161 0.91828636] -0.8193
Validation error 0.080700, Test error 0.079400