0.000800 
[0.34085654] -1.1898943544000955
[0.25005879] -0.6541038242308401
[0.60945699] -0.12547657767991122
[0.39422325] -1.2887369413005343
[0.39564593] -1.2888323555815278
[0.39577662] -1.2888344226252153
[0.39582451] -1.2888348979195197
[0.39584934] -1.2888350847463237
[0.39586453] -1.2888351790018215
[0.39587478] -1.2888352340179492
[0.39588217] -1.2888352693582583
[0.39588775] -1.2888352936500154
[0.39589211] -1.28883531120978
[0.39589561] -1.2888353244063762
[0.39589848] -1.2888353346350074
[0.39590088] -1.2888353427646926
[0.39590292] -1.2888353493618279
[0.39590467] -1.2888353548096938
[0.39590619] -1.288835359375983
[0.39590752] -1.2888353632527643
2.000000 
[0.52255516] -0.8067041139296586
[0.16452097] 0.06443212858006159
[0.13191937] 0.3284022989060362
[1.05658391] -0.553774846243781
[0.39057352] -1.2878812732637417
[0.3898676] -1.287614311045973
[0.38986574] -1.2876135651512128
[0.38986512] -1.287613317270386
[0.38986481] -1.287613193639816
[0.38986463] -1.2876131196144374
[0.38986451] -1.2876130703502715
[0.38986442] -1.2876130352146673
[0.38986435] -1.2876130088979574
[0.3898643] -1.2876129884536718
[0.38986426] -1.2876129721157499
[0.38986423] -1.2876129587614025
[0.3898642] -1.2876129476427456
[0.38986418] -1.2876129382424588
[0.38986416] -1.2876129301912715
[0.38986414] -1.2876129232185902
5000.000000 
[0.2021591] -0.25775057858361305
[0.09915315] 0.5622288458573388
[0.77960342] 0.7771037310597733
[4.39676462] 14.06892388514536
[-59.74364729] 3629.9072118079866
[-41.38972354] 1754.1341471570825
[-1.2997176] 2.376130350705154
[-5.5969481] 37.574282239484965
[8.16476938] 57.65581886687832
[-2.35638077] 8.858909966924816
[56.21983107] 3103.527269726714
[44.49903289] 1935.0681238051625
[30.86383316] 921.3710103173935
[86.38585793] 7377.078575558068
[1.7017382] 1.6438824531452436
[-4.61880754] 26.63479795486635
[-28.90153565] 864.450806434488
[-74.31487402] 5596.239148416819
[-80.2233315] 6516.576486079262
[34.77416397] 1174.2566662665877
Results
0.000800 0.395908 -1.288835 
2.000000 0.390574 -1.287881 
5000.000000 0.202159 -0.257751 
