0.004000 
[0.90286977] 0.4522755089291268
[0.61146186] -0.10922960461955228
[0.27355129] -0.8278126028833552
[0.34167849] -1.192785115737668
[0.39616503] -1.2888339140643832
[0.29969929] -0.99564623378339
[0.28185091] -0.884317709930589
[0.44347305] -1.2154368671223807
[0.5792465] -0.37205659905718985
[0.39577675] -1.2888344241420449
[0.40516631] -1.2860368744773776
[0.3487832] -1.2160503228886126
[0.40837953] -1.283747953400139
[0.51981628] -0.8255803372218178
[0.58275572] -0.3434734317645309
[0.3176269] -1.0917494694124443
[0.32312515] -1.1177760650885098
[0.29041939] -0.9395847602167223
[0.4059811] -1.2855205698336698
[0.44298532] -1.21691618097989
10.000000 
[0.32524769] -1.1273701945664463
[0.91472144] 0.38287554884872066
[0.81045614] 0.7763573395971415
[0.53743329] -0.6998867718484106
[0.39072015] -1.2879326002057707
[0.33684971] -1.1752185512842823
[0.29950813] -0.9945330756782573
[0.35414374] -1.2315334201566583
[0.44982406] -1.1948627437765371
[0.30188368] -1.0082383580208152
[0.48385375] -1.0454220994354464
[0.45393691] -1.1802568567032932
[0.40857276] -1.2835887329740485
[0.33662799] -1.1743783342856222
[0.29258012] -0.9530006553605904
[0.31994308] -1.1029180182266918
[0.62317981] -0.015157510294539166
[0.98219564] -0.07107082170582071
[0.51222733] -0.8764580372925791
[0.30659964] -1.0346084666769602
25000.000000 
[0.79760001] 0.7838052258004504
[0.81836637] 0.7667774177472659
[0.70069647] 0.5193501616227382
[0.2801784] -0.8731587990792059
[0.41257839] -1.279738108971289
[0.2477856] -0.636361927496159
[0.37208239] -1.270066354402262
[0.44054331] -1.2241045795252161
[0.46583441] -1.1324991538299538
[0.3288287] -1.142974363496767
[0.20076459] -0.24577125076635506
[0.51141914] -0.8817475305370552
[0.57936048] -0.37112949696991976
[0.30321715] -1.015808635598951
[0.48805443] -1.0227319540476907
[0.97576078] -0.025774626638939258
[0.54287068] -0.659240010422037
[0.60048259] -0.19855905550794908
[0.2226573] -0.43199280498920395
[0.99367594] -0.15156522051744906
Results
0.004000 0.395777 -1.288834 
10.000000 0.390720 -1.287933 
25000.000000 0.412578 -1.279738 
