0.1
[0.94555411] 0.18403824036789387
[0.90015972] 0.4674644878379271
[0.53815573] -0.694531785503844
[0.55451073] -0.5698294495321845
[0.4071512] -1.284702903036407
[0.49292716] -0.9953466099600142
[0.38527783] -1.28507694011668
[0.39137363] -1.2881440953780012
[0.20921757] -0.3182080510272487
[0.43045462] -1.249893804188094
[0.49856939] -0.9622600857399879
[0.4042365] -1.2865727915151601
[0.49666109] -0.9736120882604362
[0.43390638] -1.2417846093504756
[0.35781916] -1.241105072512049
[0.28368716] -0.8964323311069718
[0.33408873] -1.1645471478547942
[0.51172277] -0.8797632853602024
[0.35312425] -1.228727379791809
[0.48792694] -1.0234332278581935
10.0
[0.49824625] -0.9641937779747447
[0.0382224] 0.8668512202003391
[0.92390771] 0.3260814583262144
[0.21011967] -0.32590776250807296
[0.26581218] -0.7726950784557646
[0.4435568] -1.2151814070566958
[0.99031743] -0.12809296024195488
[0.24078273] -0.5808332459847608
[0.3794111] -1.2798133794100828
[0.55075871] -0.598974858994166
[0.3527431] -1.227661535750066
[0.21449849] -0.3631708670266523
[0.31412213] -1.0742917417407762
[0.4389006] -1.2287343893041736
[0.26165615] -0.742199508539829
[0.62106688] -0.03198857524778388
[0.46335518] -1.1431125431335554
[0.26334403] -0.7546570865601865
[0.47264206] -1.101619635781957
[0.31607677] -1.0841103361195268
1000.0
[0.9696946] 0.016888506469504433
[0.97438014] -0.016057070601619816
[0.76753177] 0.7613759622278626
[1.08944566] -0.7114286620507634
[0.42992642] -1.2510685338080683
[0.6320299] 0.05454632408274806
[0.52427406] -0.7947249670673259
[0.5242194] -0.7951074370498948
[0.52840243] -0.7655516670465666
[0.54311405] -0.657402796511951
[0.32396395] -1.1215979858175247
[0.20705599] -0.29973074485940393
[0.32397357] -1.1216416187731342
[0.3257076] -1.1294153019488624
[0.54318058] -0.6569002807654619
[0.31448679] -1.076139169028483
[0.33263933] -1.158764472352911
[0.33922841] -1.1840475240641304
[0.53774514] -0.6975769882789572
[0.32913128] -1.1442590315666603
Results
0.100000 0.391374 -1.288144 
10.000000 0.379411 -1.279813 
1000.000000 0.429926 -1.251069 
